,DATE,Unemplyment_rate(%),Mortgage(%),GDP(Billions$),Delinquency_rate(%)
0,2000-01-01,4.03,8.26,12935.252,1.95
1,2000-04-01,3.93,8.32,13170.749,1.97
2,2000-07-01,4.0,8.02,13183.89,2.09
3,2000-10-01,3.9,7.62,13262.25,2.23
4,2001-01-01,4.23,7.01,13219.251,2.34
5,2001-04-01,4.4,7.13,13301.393999999998,2.41
6,2001-07-01,4.83,6.96,13248.142,2.18
7,2001-10-01,5.5,6.77,13284.881000000001,2.25
8,2002-01-01,5.7,6.97,13394.91,2.24
9,2002-04-01,5.83,6.81,13477.356000000002,2.16
10,2002-07-01,5.73,6.29,13531.741000000002,2.1
11,2002-10-01,5.87,6.08,13549.421,2.0
12,2003-01-01,5.87,5.84,13619.434,1.97
13,2003-04-01,6.13,5.51,13741.107,1.83
14,2003-07-01,6.13,6.03,13970.157,1.73
15,2003-10-01,5.83,5.92,14131.378999999999,1.76
16,2004-01-01,5.7,5.6,14212.34,1.65
17,2004-04-01,5.6,6.11,14323.017,1.6
18,2004-07-01,5.43,5.89,14457.832,1.55
19,2004-10-01,5.43,5.74,14605.595,1.42
20,2005-01-01,5.3,5.77,14767.846000000001,1.41
21,2005-04-01,5.1,5.71,14839.707,1.55
22,2005-07-01,4.97,5.76,14956.291000000001,1.59
23,2005-10-01,4.97,6.23,15041.232,1.64
24,2006-01-01,4.73,6.25,15244.088,1.61
25,2006-04-01,4.63,6.6,15281.525,1.62
26,2006-07-01,4.63,6.56,15304.517,1.74
27,2006-10-01,4.43,6.24,15433.643,1.92
28,2007-01-01,4.5,6.21,15478.956,2.08
29,2007-04-01,4.5,6.36,15577.778999999999,2.3
30,2007-07-01,4.67,6.55,15671.605,2.71
31,2007-10-01,4.8,6.22,15767.146,3.1
32,2008-01-01,5.0,5.87,15702.906,3.68
33,2008-04-01,5.33,6.09,15792.773000000001,4.36
34,2008-07-01,6.0,6.32,15709.562,5.27
35,2008-10-01,6.87,5.84,15366.607,6.58
36,2009-01-01,8.27,5.06,15187.475,8.02
37,2009-04-01,9.3,5.01,15161.771999999999,8.58
38,2009-07-01,9.63,5.16,15216.646999999999,9.46
39,2009-10-01,9.93,4.92,15379.155,10.36
40,2010-01-01,9.83,5.0,15456.059,11.54
41,2010-04-01,9.63,4.92,15605.628,11.08
42,2010-07-01,9.47,4.45,15726.282,10.61
43,2010-10-01,9.5,4.44,15807.995,10.37
44,2011-01-01,9.03,4.85,15769.911,10.33
45,2011-04-01,9.07,4.65,15876.839,10.54
46,2011-07-01,9.0,4.29,15870.684,10.54
47,2011-10-01,8.63,4.0,16048.702,10.26
48,2012-01-01,8.27,3.92,16179.968,10.34
49,2012-04-01,8.2,3.79,16253.726,10.45
50,2012-07-01,8.03,3.55,16282.151000000002,10.47
51,2012-10-01,7.8,3.36,16300.035,10.01
52,2013-01-01,7.73,3.5,16441.485,9.74
53,2013-04-01,7.53,3.67,16464.402,9.32
54,2013-07-01,7.23,4.44,16594.743000000002,8.65
55,2013-10-01,6.93,4.29,16712.76,8.29
56,2014-01-01,6.67,4.36,16654.247,7.78
57,2014-04-01,6.2,4.23,16868.109,7.43
58,2014-07-01,6.07,4.14,17064.616,7.05
59,2014-10-01,5.7,3.96,17141.235,6.5
60,2015-01-01,5.53,3.72,17280.647,6.24
61,2015-04-01,5.43,3.82,17380.875,5.82
62,2015-07-01,5.1,3.95,17437.08,5.39
63,2015-10-01,5.03,3.9,17462.578999999998,5.1
64,2016-01-01,4.9,3.74,17565.465,4.78
65,2016-04-01,4.93,3.59,17618.581000000002,4.59
66,2016-07-01,4.9,3.45,17724.488999999998,4.39
67,2016-10-01,4.77,3.84,17812.56,4.15
68,2017-01-01,4.57,4.17,17896.623,3.9
69,2017-04-01,4.4,3.98,17996.802,3.68
70,2017-07-01,4.3,3.88,18126.226000000002,3.64
71,2017-10-01,4.13,3.92,18296.685,3.57
72,2018-01-01,4.03,4.28,18436.262,3.49
73,2018-04-01,3.93,4.54,18590.004,3.22
74,2018-07-01,3.77,4.57,18679.599,2.97
75,2018-10-01,3.83,4.78,18721.281000000003,2.83
76,2019-01-01,3.87,4.37,18833.195,2.7
77,2019-04-01,3.67,4.01,18982.528000000002,2.61
78,2019-07-01,3.6,3.66,19112.653000000002,2.42
79,2019-10-01,3.6,3.7,19202.31,2.34
80,2020-01-01,3.8,3.52,18951.992,2.36
81,2020-04-01,13.07,3.24,17258.205,2.55
82,2020-07-01,8.8,2.95,18560.773999999998,2.8
83,2020-10-01,6.77,2.76,18767.778000000002,2.74
