DATE,Unemplyment_rate(%),Mortgage(%),GDP(Billions$),Delinquency_rate(%),Permit,Total_constuctions,Homes_sold,New_projects,For_sale(%),Home_price
2000-01-01,4.03,8.26,12935.252,1.95,1690,2388136,923,1659,1.6,101.33933333333331
2000-04-01,3.93,8.32,13170.749,1.97,1570,2405182,916,1586,1.5,103.67433333333331
2000-07-01,4.0,8.02,13183.89,2.09,1554,2403466,905,1503,1.6,105.786
2000-10-01,3.9,7.62,13262.25,2.23,1578,2447670,904,1544,1.6,108.27466666666665
2001-01-01,4.23,7.01,13219.251,2.34,1671,2456183,884,1605,1.5,110.48366666666669
2001-04-01,4.4,7.13,13301.393999999998,2.41,1652,2546268,890,1630,1.8,112.20333333333332
2001-07-01,4.83,6.96,13248.142,2.18,1592,2535348,923,1599,1.9,114.156
2001-10-01,5.5,6.77,13284.881000000001,2.25,1632,2539541,924,1570,1.8,115.8723333333333
2002-01-01,5.7,6.97,13394.91,2.24,1714,2565543,939,1723,1.7,117.89166666666665
2002-04-01,5.83,6.81,13477.356000000002,2.16,1714,2555952,979,1691,1.7,120.716
2002-07-01,5.73,6.29,13531.741000000002,2.1,1745,2518271,1000,1697,1.7,123.833
2002-10-01,5.87,6.08,13549.421,2.0,1822,2540308,1012,1729,1.7,126.6753333333333
2003-01-01,5.87,5.84,13619.434,1.97,1806,2574212,1020,1736,1.7,129.32166666666666
2003-04-01,6.13,5.51,13741.107,1.83,1837,2607138,1026,1753,1.7,131.756
2003-07-01,6.13,6.03,13970.157,1.73,1937,2704692,1038,1889,1.9,135.01266666666666
2003-10-01,5.83,5.92,14131.378999999999,1.76,1972,2800208,1097,2035,1.8,138.8353333333333
2004-01-01,5.7,5.6,14212.34,1.65,1994,2837497,1127,1918,1.7,143.299
2004-04-01,5.6,6.11,14323.017,1.6,2080,2925070,1149,1937,1.7,148.209
2004-07-01,5.43,5.89,14457.832,1.55,2069,3031880,1215,1977,1.7,152.71666666666664
2004-10-01,5.43,5.74,14605.595,1.42,2086,3076193,1253,1965,1.8,157.5366666666667
2005-01-01,5.3,5.77,14767.846000000001,1.41,2105,3184675,1332,2071,1.8,163.4813333333333
2005-04-01,5.1,5.71,14839.707,1.55,2137,3280249,1350,2051,1.8,169.34766666666664
2005-07-01,4.97,5.76,14956.291000000001,1.59,2228,3396702,1427,2100,1.9,174.5793333333333
2005-10-01,4.97,6.23,15041.232,1.64,2169,3517598,1503,2068,2.0,179.53966666666665
2006-01-01,4.73,6.25,15244.088,1.61,2157,3606450,1614,2120,2.1,183.32333333333327
2006-04-01,4.63,6.6,15281.525,1.62,1923,3546005,1696,1855,2.2,183.99833333333328
2006-07-01,4.63,6.56,15304.517,1.74,1713,3439586,1697,1702,2.5,182.8193333333333
2006-10-01,4.43,6.24,15433.643,1.92,1581,3380069,1633,1570,2.7,183.6503333333333
2007-01-01,4.5,6.21,15478.956,2.08,1606,3423573,1627,1461,2.8,184.422
2007-04-01,4.5,6.36,15577.778999999999,2.3,1456,3475682,1635,1451,2.6,181.62266666666662
2007-07-01,4.67,6.55,15671.605,2.71,1314,3473105,1597,1289,2.7,178.263
2007-10-01,4.8,6.22,15767.146,3.1,1188,3400540,1514,1166,2.8,175.3703333333333
2008-01-01,5.0,5.87,15702.906,3.68,1025,3311441,1434,1064,2.9,171.577
2008-04-01,5.33,6.09,15792.773000000001,4.36,1061,3292897,1344,1010,2.8,166.6716666666667
2008-07-01,6.0,6.32,15709.562,5.27,858,3216606,1223,862,2.8,161.9553333333333
2008-10-01,6.87,5.84,15366.607,6.58,638,3090131,1105,663,2.9,156.0286666666667
2009-01-01,8.27,5.06,15187.475,8.02,538,2910600,978,525,2.7,150.05766666666665
2009-04-01,9.3,5.01,15161.771999999999,8.58,559,2765032,871,534,2.5,147.9103333333333
2009-07-01,9.63,5.16,15216.646999999999,9.46,606,2698791,783,588,2.6,148.236
2009-10-01,9.93,4.92,15379.155,10.36,623,2572493,714,567,2.7,147.9703333333333
2010-01-01,9.83,5.0,15456.059,11.54,657,2458848,691,618,2.6,146.295
2010-04-01,9.63,4.92,15605.628,11.08,599,2475054,645,602,2.5,146.168
2010-07-01,9.47,4.45,15726.282,10.61,574,2409452,616,579,2.5,143.9703333333333
2010-10-01,9.5,4.44,15807.995,10.37,583,2394918,584,542,2.7,142.2513333333333
2011-01-01,9.03,4.85,15769.911,10.33,567,2287497,549,582,2.6,140.62066666666664
2011-04-01,9.07,4.65,15876.839,10.54,611,2339527,507,574,2.5,139.92333333333335
2011-07-01,9.0,4.29,15870.684,10.54,626,2417994,488,619,2.4,139.233
2011-10-01,8.63,4.0,16048.702,10.26,691,2441795,464,671,2.3,137.25966666666665
2012-01-01,8.27,3.92,16179.968,10.34,752,2484266,441,707,2.2,137.012
2012-04-01,8.2,3.79,16253.726,10.45,774,2550677,433,739,2.1,140.114
2012-07-01,8.03,3.55,16282.151000000002,10.47,873,2588248,429,780,1.9,142.283
2012-10-01,7.8,3.36,16300.035,10.01,915,2619227,447,908,1.9,144.5623333333333
2013-01-01,7.73,3.5,16441.485,9.74,952,2600815,456,953,2.1,148.19266666666664
2013-04-01,7.53,3.67,16464.402,9.32,985,2667775,485,868,1.9,152.856
2013-07-01,7.23,4.44,16594.743000000002,8.65,988,2784938,529,882,1.9,156.937
2013-10-01,6.93,4.29,16712.76,8.29,1026,2894547,553,1009,2.1,160.10266666666664
2014-01-01,6.67,4.36,16654.247,7.78,1027,2965282,566,934,2.0,162.5213333333333
2014-04-01,6.2,4.23,16868.109,7.43,1039,3020472,583,987,1.9,163.70466666666664
2014-07-01,6.07,4.14,17064.616,7.05,1066,3051921,624,1030,1.8,165.2333333333333
2014-10-01,5.7,3.96,17141.235,6.5,1075,3147724,630,1049,1.9,167.344
2015-01-01,5.53,3.72,17280.647,6.24,1082,3244818,614,977,1.9,169.20166666666665
2015-04-01,5.43,3.82,17380.875,5.82,1272,3436022,633,1158,1.8,170.88466666666665
2015-07-01,5.1,3.95,17437.08,5.39,1149,3502063,659,1166,1.9,172.9743333333333
2015-10-01,5.03,3.9,17462.578999999998,5.1,1205,3480105,687,1125,1.9,175.69866666666664
2016-01-01,4.9,3.74,17565.465,4.78,1153,3562587,717,1142,1.7,177.7153333333333
2016-04-01,4.93,3.59,17618.581000000002,4.59,1191,3633952,727,1171,1.7,179.44566666666665
2016-07-01,4.9,3.45,17724.488999999998,4.39,1234,3690645,721,1159,1.8,181.85433333333327
2016-10-01,4.77,3.84,17812.56,4.15,1244,3799723,751,1235,1.8,184.7223333333333
2017-01-01,4.57,4.17,17896.623,3.9,1278,3815209,783,1217,1.7,187.37933333333328
2017-04-01,4.4,3.98,17996.802,3.68,1268,3838744,813,1184,1.5,189.6916666666667
2017-07-01,4.3,3.88,18126.226000000002,3.64,1280,3824359,840,1182,1.6,192.67666666666662
2017-10-01,4.13,3.92,18296.685,3.57,1314,3891911,866,1235,1.6,195.886
2018-01-01,4.03,4.28,18436.262,3.49,1352,4057285,885,1301,1.5,199.146
2018-04-01,3.93,4.54,18590.004,3.22,1353,4072632,911,1281,1.5,201.64033333333327
2018-07-01,3.77,4.57,18679.599,2.97,1304,3991542,959,1245,1.6,203.73
2018-10-01,3.83,4.78,18721.281000000003,2.83,1300,3880210,1013,1162,1.5,205.4243333333333
2019-01-01,3.87,4.37,18833.195,2.7,1293,3962025,1022,1187,1.4,206.732
2019-04-01,3.67,4.01,18982.528000000002,2.61,1327,4117511,999,1274,1.3,208.51566666666662
2019-07-01,3.6,3.66,19112.653000000002,2.42,1436,4256302,975,1299,1.4,210.2323333333333
2019-10-01,3.6,3.7,19202.31,2.34,1485,4338478,965,1403,1.4,212.45
2020-01-01,3.8,3.52,18951.992,2.36,1444,4495061,986,1470,1.1,215.5416666666667
2020-04-01,13.07,3.24,17258.205,2.55,1226,4325164,936,1087,0.9,217.8033333333333
2020-07-01,8.8,2.95,18560.773999999998,2.8,1562,4353880,857,1449,0.9,222.70566666666662
2020-10-01,6.77,2.76,18767.778000000002,2.74,1670,4463093,870,1574,1.0,232.5436666666666
