,DATE,Permit,Total_constuctions,Homes_sold,New_projects,For_sale(%)
0,2000-01-01,1690,2388136,923,1659,1.6
1,2000-04-01,1570,2405182,916,1586,1.5
2,2000-07-01,1554,2403466,905,1503,1.6
3,2000-10-01,1578,2447670,904,1544,1.6
4,2001-01-01,1671,2456183,884,1605,1.5
5,2001-04-01,1652,2546268,890,1630,1.8
6,2001-07-01,1592,2535348,923,1599,1.9
7,2001-10-01,1632,2539541,924,1570,1.8
8,2002-01-01,1714,2565543,939,1723,1.7
9,2002-04-01,1714,2555952,979,1691,1.7
10,2002-07-01,1745,2518271,1000,1697,1.7
11,2002-10-01,1822,2540308,1012,1729,1.7
12,2003-01-01,1806,2574212,1020,1736,1.7
13,2003-04-01,1837,2607138,1026,1753,1.7
14,2003-07-01,1937,2704692,1038,1889,1.9
15,2003-10-01,1972,2800208,1097,2035,1.8
16,2004-01-01,1994,2837497,1127,1918,1.7
17,2004-04-01,2080,2925070,1149,1937,1.7
18,2004-07-01,2069,3031880,1215,1977,1.7
19,2004-10-01,2086,3076193,1253,1965,1.8
20,2005-01-01,2105,3184675,1332,2071,1.8
21,2005-04-01,2137,3280249,1350,2051,1.8
22,2005-07-01,2228,3396702,1427,2100,1.9
23,2005-10-01,2169,3517598,1503,2068,2.0
24,2006-01-01,2157,3606450,1614,2120,2.1
25,2006-04-01,1923,3546005,1696,1855,2.2
26,2006-07-01,1713,3439586,1697,1702,2.5
27,2006-10-01,1581,3380069,1633,1570,2.7
28,2007-01-01,1606,3423573,1627,1461,2.8
29,2007-04-01,1456,3475682,1635,1451,2.6
30,2007-07-01,1314,3473105,1597,1289,2.7
31,2007-10-01,1188,3400540,1514,1166,2.8
32,2008-01-01,1025,3311441,1434,1064,2.9
33,2008-04-01,1061,3292897,1344,1010,2.8
34,2008-07-01,858,3216606,1223,862,2.8
35,2008-10-01,638,3090131,1105,663,2.9
36,2009-01-01,538,2910600,978,525,2.7
37,2009-04-01,559,2765032,871,534,2.5
38,2009-07-01,606,2698791,783,588,2.6
39,2009-10-01,623,2572493,714,567,2.7
40,2010-01-01,657,2458848,691,618,2.6
41,2010-04-01,599,2475054,645,602,2.5
42,2010-07-01,574,2409452,616,579,2.5
43,2010-10-01,583,2394918,584,542,2.7
44,2011-01-01,567,2287497,549,582,2.6
45,2011-04-01,611,2339527,507,574,2.5
46,2011-07-01,626,2417994,488,619,2.4
47,2011-10-01,691,2441795,464,671,2.3
48,2012-01-01,752,2484266,441,707,2.2
49,2012-04-01,774,2550677,433,739,2.1
50,2012-07-01,873,2588248,429,780,1.9
51,2012-10-01,915,2619227,447,908,1.9
52,2013-01-01,952,2600815,456,953,2.1
53,2013-04-01,985,2667775,485,868,1.9
54,2013-07-01,988,2784938,529,882,1.9
55,2013-10-01,1026,2894547,553,1009,2.1
56,2014-01-01,1027,2965282,566,934,2.0
57,2014-04-01,1039,3020472,583,987,1.9
58,2014-07-01,1066,3051921,624,1030,1.8
59,2014-10-01,1075,3147724,630,1049,1.9
60,2015-01-01,1082,3244818,614,977,1.9
61,2015-04-01,1272,3436022,633,1158,1.8
62,2015-07-01,1149,3502063,659,1166,1.9
63,2015-10-01,1205,3480105,687,1125,1.9
64,2016-01-01,1153,3562587,717,1142,1.7
65,2016-04-01,1191,3633952,727,1171,1.7
66,2016-07-01,1234,3690645,721,1159,1.8
67,2016-10-01,1244,3799723,751,1235,1.8
68,2017-01-01,1278,3815209,783,1217,1.7
69,2017-04-01,1268,3838744,813,1184,1.5
70,2017-07-01,1280,3824359,840,1182,1.6
71,2017-10-01,1314,3891911,866,1235,1.6
72,2018-01-01,1352,4057285,885,1301,1.5
73,2018-04-01,1353,4072632,911,1281,1.5
74,2018-07-01,1304,3991542,959,1245,1.6
75,2018-10-01,1300,3880210,1013,1162,1.5
76,2019-01-01,1293,3962025,1022,1187,1.4
77,2019-04-01,1327,4117511,999,1274,1.3
78,2019-07-01,1436,4256302,975,1299,1.4
79,2019-10-01,1485,4338478,965,1403,1.4
80,2020-01-01,1444,4495061,986,1470,1.1
81,2020-04-01,1226,4325164,936,1087,0.9
82,2020-07-01,1562,4353880,857,1449,0.9
83,2020-10-01,1670,4463093,870,1574,1.0
